1.143000000000000000e+03
4.742000000000000000e+03
1.070900000000000000e+04
1.907800000000000000e+04
2.324700000000000000e+04
2.523100000000000000e+04
2.539400000000000000e+04
2.553800000000000000e+04
2.566700000000000000e+04
2.578100000000000000e+04
2.588700000000000000e+04
2.598400000000000000e+04
2.607400000000000000e+04
2.615400000000000000e+04
2.623400000000000000e+04
2.630500000000000000e+04
2.637300000000000000e+04
2.643900000000000000e+04
2.650000000000000000e+04
2.656000000000000000e+04
