1.143000000000000000e+03
3.599000000000000000e+03
5.967000000000000000e+03
8.369000000000000000e+03
4.169000000000000000e+03
1.984000000000000000e+03
1.630000000000000000e+02
1.440000000000000000e+02
1.290000000000000000e+02
1.140000000000000000e+02
1.060000000000000000e+02
9.700000000000000000e+01
9.000000000000000000e+01
8.000000000000000000e+01
8.000000000000000000e+01
7.100000000000000000e+01
6.800000000000000000e+01
6.600000000000000000e+01
6.100000000000000000e+01
6.000000000000000000e+01
