2.217000000000000000e+03
6.937000000000000000e+03
1.492000000000000000e+04
2.694700000000000000e+04
3.534100000000000000e+04
3.999900000000000000e+04
4.053100000000000000e+04
4.100100000000000000e+04
4.140800000000000000e+04
4.178300000000000000e+04
4.212000000000000000e+04
4.244000000000000000e+04
4.272500000000000000e+04
4.299500000000000000e+04
4.325000000000000000e+04
4.349100000000000000e+04
4.371400000000000000e+04
4.392200000000000000e+04
4.411900000000000000e+04
4.431000000000000000e+04
