2.217000000000000000e+03
4.720000000000000000e+03
7.983000000000000000e+03
1.202700000000000000e+04
8.394000000000000000e+03
4.658000000000000000e+03
5.320000000000000000e+02
4.700000000000000000e+02
4.070000000000000000e+02
3.750000000000000000e+02
3.370000000000000000e+02
3.200000000000000000e+02
2.850000000000000000e+02
2.700000000000000000e+02
2.550000000000000000e+02
2.410000000000000000e+02
2.230000000000000000e+02
2.080000000000000000e+02
1.970000000000000000e+02
1.910000000000000000e+02
