3.820000000000000000e+02
8.960000000000000000e+02
1.527000000000000000e+03
2.435000000000000000e+03
3.302000000000000000e+03
3.792000000000000000e+03
3.854000000000000000e+03
3.908000000000000000e+03
3.959000000000000000e+03
4.009000000000000000e+03
4.051000000000000000e+03
4.088000000000000000e+03
4.125000000000000000e+03
4.156000000000000000e+03
4.186000000000000000e+03
4.215000000000000000e+03
4.241000000000000000e+03
4.266000000000000000e+03
4.288000000000000000e+03
4.313000000000000000e+03
