3.360000000000000000e+02
7.840000000000000000e+02
1.522000000000000000e+03
2.687000000000000000e+03
2.406000000000000000e+03
1.653000000000000000e+03
2.610000000000000000e+02
2.260000000000000000e+02
2.090000000000000000e+02
1.770000000000000000e+02
1.720000000000000000e+02
1.440000000000000000e+02
1.380000000000000000e+02
1.260000000000000000e+02
1.260000000000000000e+02
1.140000000000000000e+02
1.030000000000000000e+02
9.800000000000000000e+01
9.900000000000000000e+01
9.100000000000000000e+01
