3.360000000000000000e+02
1.120000000000000000e+03
2.642000000000000000e+03
5.329000000000000000e+03
7.735000000000000000e+03
9.388000000000000000e+03
9.649000000000000000e+03
9.875000000000000000e+03
1.008400000000000000e+04
1.026100000000000000e+04
1.043300000000000000e+04
1.057700000000000000e+04
1.071500000000000000e+04
1.084100000000000000e+04
1.096700000000000000e+04
1.108100000000000000e+04
1.118400000000000000e+04
1.128200000000000000e+04
1.138100000000000000e+04
1.147200000000000000e+04
